-63.414593862599936
-65.18340140711564
-65.27553116387321
-59.97517252531329
-100.46914495221975
-125.20701587088045
18.367950811824713
-140.35417153587596
36.80408760775547
-132.01650691565854
-61.933361902870935
-37.25678536488335
-79.14847096398178
-16.11259765194541
13.30747621418796
-125.84856816243209
6.911291587052277
-168.5794473635824
-59.71072709255156
-193.08364219900372
2.162949731983775
-65.64917917009008
-61.158163009167914
37.87746651842975
159.59761573041342
-11.979290144685024
77.08422948295953
134.65430928552377
39.88672102180604
136.05123072811523
58.75636108756903
175.91538652439158
149.87138554084132
114.27990679319291
115.1247296479494
34.63289425595221
138.2862719639612
39.995397301019935
3.4268377200658215
75.27169856865308
63.57777934910418
-4.201078182826663
65.86141390007123
4.303595946723464
54.46261482228024
107.80361892335893
64.73006965915546
57.93772037341939
-86.28278146719312
-86.86894954703196
